Epoch  G MSE train        G BCE          G train          D BCE         G MSE test   
=====================================================================================
  0     296.679593       0.625833       296.679593      43.116783       31.205908    
  1     26.513377        0.666341       26.513377       43.563675       21.693768    
  2     21.015791        0.665021       21.015791       41.812048       19.864513    
  3     20.091450        0.653002       20.091450       37.399435       19.531309    
  4     20.022828        0.721653       20.022828       29.783371       19.551268    
  5     20.783803        0.898026       20.783803       22.240975       24.354733    
  6     20.417628        1.191955       20.417628       16.396215       19.399384    
  7     20.268172        1.546641       20.268172       12.680137       23.560642    
  8     20.265971        1.931013       20.265971        9.831122       20.040707    
  9     19.454560        2.252727       19.454560        8.283805       19.546125    
 10     21.527995        2.548204       21.527995        6.985019       18.783033    
 11     18.821421        2.896928       18.821421        5.696645       18.535553    
 12     18.445482        3.098048       18.445482        5.327697       17.874012    
 13     22.666977        3.298435       22.666977        4.825795       17.179398    
 14     20.472675        3.630276       20.472675        3.945320       16.469934    
 15     16.604638        3.682575       16.604638        4.434311       15.930889    
 16     16.325290        3.731689       16.325290        4.703008       17.399355    
 17     15.933571        3.706201       15.933571        4.861211       14.689958    
 18     17.023439        3.735449       17.023439        4.826364       20.439980    
 19     15.760979        3.742700       15.760979        4.493883       14.007273    
 20     14.825691        3.796377       14.825691        4.399942       20.647842    
 21     16.773210        3.888670       16.773210        3.825874       13.634562    
 22     15.155703        4.024647       15.155703        3.598655       19.298389    
 23     15.032604        4.103079       15.032604        3.283458       13.086898    
 24     14.993872        4.245465       14.993872        3.041197       22.871996    
 25     14.993527        4.338704       14.993527        2.765600       12.839749    
 26     13.022384        4.455877       13.022384        2.607532       13.031452    
 27     17.461690        4.550407       17.461690        2.315113       12.618201    
 28     12.580163        4.726873       12.580163        2.140572       12.097167    
 29     12.316237        4.836061       12.316237        2.014716       12.351912    
 30     17.067375        4.970356       17.067375        1.742508       11.618159    
 31     11.830827        5.164260       11.830827        1.676631       11.473285    
 32     11.786938        5.292175       11.786938        1.569184       11.743105    
 33     13.797075        5.422876       13.797075        1.465862       13.114362    
 34     14.696948        5.609745       14.696948        1.285500       11.266380    
 35     11.489577        5.856489       11.489577        1.184098       10.831699    
 36     11.321773        6.072690       11.321773        1.097122       12.516079    
 37     14.702318        6.324631       14.702318        0.873393       10.785486    
 38     10.945786        6.650477       10.945786        0.773593       10.330975    
 39     10.655506        6.862603       10.655506        0.693001       10.735356    
 40     14.670131        7.152113       14.670131        0.558456       10.248701    
 41     13.869451        7.276694       13.869451        0.532115       10.103661    
 42     10.302673        7.533340       10.302673        0.448790        9.909863    
 43     10.194891        7.608714       10.194891        0.389097        9.821346    
 44     10.180430        7.770208       10.180430        0.342635       10.062131    
 45     12.548851        7.882144       12.548851        9.688423       18.694677    
 46     12.829881        6.201812       12.829881       38.659745        9.991138    
 47      9.999383        5.202396        9.999383        1.793263        9.593307    
 48      9.884762        5.452453        9.884762        1.455778        9.523621    
 49     10.054085        5.598152       10.054085        1.233615       10.526229    
 50     12.799334        5.634687       12.799334        1.083965       10.282245    
 51     14.109908        5.871527       14.109908        0.892056        9.719795    
 52     10.966071        5.941792       10.966071        0.870438        9.498354    
 53      9.773423        6.100298        9.773423        0.830836        9.421332    
 54      9.703841        6.237627        9.703841        0.763602        9.357885    
 55      9.659694        6.363142        9.659694        0.710467        9.336664    
 56     14.641864        6.576068       14.641864        0.589327        9.567592    
 57     40.161464        6.143805       40.161464        0.653384       19.735426    
 58     12.231914        6.695615       12.231914        0.550296        9.453305    
 59      9.793409        6.854156        9.793409        0.518543        9.380583    
 60      9.731719        7.004127        9.731719        0.476240        9.324364    
 61      9.679226        7.157420        9.679226        0.437754        9.278017    
 62      9.632501        7.306720        9.632501        0.403660        9.241166    
 63      9.589835        7.437954        9.589835        0.374239        9.211197    
 64      9.550076        7.557007        9.550076        0.348686        9.183611    
 65      9.512298        7.661986        9.512298        0.325928        9.153187    
 66      9.476057        7.761299        9.476057        0.305311        9.115888    
 67      9.441486        7.858554        9.441486        0.286642        9.071752    
 68      9.409772        7.951249        9.409772        0.269395        9.025576    
 69      9.382314        8.039862        9.382314        0.253653        8.983847    
 70      9.361187        8.123828        9.361187        0.239637        8.952248    
 71      9.349762        8.201586        9.349762        0.227490        8.937532    
 72      9.352091        8.277061        9.352091        0.217334        8.950103    
 73      9.367373        8.344605        9.367373        0.209530        8.998603    
 74      9.379701        8.404172        9.379701        0.203934        9.067374    
 75      9.357730        8.454986        9.357730        0.199212        9.094077    
 76      9.290459        8.500051        9.290459        0.193134        8.984984    
 77      9.227634        8.548785        9.227634        0.181517        8.829432    
 78      9.228114        8.675011        9.228114        0.159676        9.109984    
 79     10.201395        8.553144       10.201395        0.194215       12.966336    
 80     14.252774        8.823931       14.252774        0.135756        9.073571    
 81      9.509940        8.736267        9.509940        0.168550        8.906317    
 82      9.240115        8.768559        9.240115        0.154284        8.902609    
 83      9.210570        8.811890        9.210570        0.146352        8.932937    
 84      9.150256        8.840087        9.150256        0.143660        8.824033    
 85      9.095957        8.890250        9.095957        0.135498        8.689878    
 86      9.193373        9.037907        9.193373        0.117997        9.265411    
 87     10.453084        8.830201       10.453084        0.163705       12.519134    
 88     14.239318        9.248400       14.239318        0.103888        8.987096    
 89      9.583154        9.066106        9.583154        0.136620        8.857308    
 90      9.151474        9.093092        9.151474        0.124861        8.813662    
 91      9.102197        9.109792        9.102197        0.114937        8.821056    
 92      9.043205        9.132073        9.043205        0.112385        8.709832    
 93      8.990900        9.179909        8.990900        0.105941        8.587349    
 94      9.050872        9.321252        9.050872        0.092004        9.045640    
 95     10.252244        9.127990       10.252244        0.131192       12.690678    
 96     14.475157        9.597762       14.475157        0.083652        8.888653    
 97      9.532977        9.374027        9.532977        0.110618        8.789850    
 98      9.069679        9.372563        9.069679        0.102026        8.731413    
 99      9.012993        9.381966        9.012993        0.092991        8.731161    
