Epoch  G MSE train        G BCE          G train          D BCE         G MSE test   
=====================================================================================
  0     225.082310       0.655693       112.869002      40.318740       56.085186    
  1     34.644110        0.770825       17.707467       40.749982       26.820745    
  2     25.045738        0.731773       12.888755       37.516096       21.503525    
  3     21.889555        0.864607       11.377081       29.212868       20.504997    
  4     21.851510        0.971821       11.411665       24.314346       23.357250    
  5     21.632252        1.153673       11.392962       20.512297       30.629950    
  6     21.709957        1.405476       11.557717       16.205425       19.700926    
  7     24.535102        1.626289       13.080696       13.447502       21.256588    
  8     20.748031        1.802077       11.275054       11.263926       19.629124    
  9     20.851065        1.998191       11.424628       10.235587       19.808857    
 10     22.408131        2.109193       12.258662        8.995807       19.844635    
 11     20.683988        2.309089       11.496539        7.822977       19.487173    
 12     23.211451        2.482762       12.847107        6.550915       19.729088    
 13     28.752487        2.677727       15.715107        5.835675       20.092403    
 14     20.450540        2.813254       11.631897        5.336168       19.271917    
 15     19.937248        2.921751       11.429500        5.173999       19.179514    
 16     19.992474        3.057355       11.524915        4.663358       19.067860    
 17     20.110035        3.222086       11.666060        4.002872       19.020626    
 18     20.149651        3.380308       11.764980        3.542053       18.995903    
 19     20.988694        3.570127       12.279411        3.583549       19.059895    
 20     20.390559        3.676570       12.033564        3.206305       18.892836    
 21     20.575580        3.672482       12.124031        3.172233       18.799805    
 22     20.208239        3.650884       11.929562        3.279247       18.460796    
 23     20.819405        3.741485       12.280445        3.133710       17.356276    
 24     18.156511        3.783287       10.969899        2.935401       17.694965    
 25     18.485615        3.764452       11.125034        3.148500       23.523792    
 26     18.743120        3.597225       11.170173        3.610821       27.820564    
 27     18.211091        3.636439       10.923765        3.396739       16.974295    
 28     38.342339        3.554005       20.948172        3.730909       63.524681    
 29     30.055905        3.766171       16.911038        3.106336       15.591796    
 30     16.011308        3.682774        9.847041        3.399028       15.618594    
 31     15.899495        3.526560        9.713028        3.547490       15.712212    
 32     15.986035        3.605542        9.795788        3.444012       15.390166    
 33     15.749793        3.692720        9.721257        3.197624       15.220675    
 34     15.950468        3.694758        9.822613        3.294961       15.102213    
 35     15.919161        3.612055        9.765608        3.247542       15.274358    
 36     15.750946        3.562349        9.656647        3.593430       16.252516    
 37     15.828725        3.808935        9.818830        3.242866       15.184995    
 38     15.734576        3.715215        9.724895        4.260609       15.680511    
 39     16.085039        3.474762        9.779900        3.761758       15.520739    
 40     15.895765        3.335283        9.615524        4.003620       15.084053    
 41     16.028177        3.727357        9.877767       20.546385       15.441608    
 42     16.484470        3.013488        9.748979        6.783711       15.560225    
 43     16.955229        2.776126        9.865677        7.820413       15.712091    
 44     17.579929        2.704391       10.142160        8.658537       15.947031    
 45     18.194758        2.753646       10.474202        8.345485       16.189631    
 46     18.724975        2.854757       10.789866        6.983708       15.970879    
 47     17.346006        3.247283       10.296644        5.990657       16.460409    
 48     27.308733        3.303089       15.305911        5.802488       34.162289    
 49     24.728616        3.512057       14.120337        3.822583       16.345039    
 50     17.416038        3.991507       10.703773        3.472483       17.602255    
 51     16.618192        3.875568       10.246880        3.123821       15.447112    
 52     16.672738        4.183546       10.428142        2.495322       16.059986    
 53     17.082844        4.089214       10.586029        3.086892       17.449026    
 54     17.053174        4.150108       10.601641        2.878801       15.628111    
 55     17.538360        4.097603       10.817981        2.886117       16.573336    
 56     16.416380        4.079606       10.247993        3.054710       15.574659    
 57     16.685909        4.035759       10.360834        3.072775       15.640138    
 58     18.070171        4.160941       11.115556        3.065419       17.042549    
 59     16.451380        4.030612       10.240996        2.808514       15.423559    
 60     18.410233        4.198977       11.304605        2.989030       17.404314    
 61     17.086127        4.157233       10.621680        3.248473       15.980120    
 62     16.565314        3.987247       10.276281        3.437351       18.022259    
 63     17.341730        4.070592       10.706161        2.953892       16.227081    
 64     18.245088        4.005783       11.125436        3.073089       15.957108    
 65     17.379636        4.362403       10.871019        2.403229       18.214844    
 66     17.063594        4.413495       10.738545        2.264946       16.309296    
 67     17.318340        4.470303       10.894321        2.069516       15.651242    
 68     16.617137        4.676022       10.646580        1.907098       16.193796    
 69     17.499159        4.754153       11.126656        1.673329       16.921221    
 70     17.196374        4.886853       11.041614        1.661256       15.682411    
 71     16.537801        4.766198       10.651999        2.257819       16.599113    
 72     17.986666        4.971385       11.479025       23.467382       15.707465    
 73     16.514753        4.068145       10.291449        3.409608       16.404793    
 74     17.696137        3.954347       10.825242        2.422386       16.564081    
 75     17.225943        4.081302       10.653623        2.423771       15.991872    
 76     16.505381        3.936155       10.220768        3.385842       16.815042    
 77     18.290920        3.783241       11.037081        3.204014       16.614838    
 78     17.778793        3.806092       10.792443        3.520849       17.141764    
 79     17.099858        3.560788       10.330323        5.290804       17.856974    
 80     18.934830        3.635609       11.285219        4.938311       16.960663    
 81     18.238956        3.613464       10.926210        4.175772       17.931887    
 82     18.329276        3.651287       10.990281        5.475687       16.223219    
 83     17.335394        3.542661       10.439028        4.561216       18.396679    
 84     17.979101        3.890906       10.935004        3.688120       18.620897    
 85     18.872119        3.973419       11.422769        3.827591       22.423405    
 86     19.128034        4.176026       11.652030        3.031880       18.978542    
 87     17.407196        4.215209       10.811203        2.826025       15.754439    
 88     17.400787        4.278926       10.839857        2.870401       16.120871    
 89     17.569466        4.574445       11.071956        2.142923       17.873051    
 90     17.690161        4.716013       11.203087        1.935675       17.801430    
 91     18.519113        4.891990       11.705551        1.847438       23.406279    
 92     18.539663        4.954374       11.747018        1.569014       17.698877    
 93     17.475881        4.884971       11.180426        1.592554       15.398613    
 94     32.345101        5.230996       18.788048        1.331071       30.600071    
 95     82.485895        5.183074       43.834484        1.476756       136.634552   
 96     31.362769        5.538212       18.450491        0.995530       17.138504    
 97     16.256804        5.693080       10.974942        0.866358       16.048296    
 98     15.983331        5.789528       10.886429        0.798769       15.212933    
 99     15.793155        5.665363       10.729259        0.842089       14.832968    
